-95
-90
-81
-69
-54
-37
-20
-3
10
22
29
33
32
27
18
7
-4
-16
-27
-35
-38
-37
-30
-17
0
22
46
73
98
121
140
154
160
159
150
135
114
89
62
36
13
-4
-15
-18
-12
1
22
48
77
105
130
149
158
156
142
115
75
26
-30
-90
-149
-204
-250
-284
-303
-306
-293
-266
-227
-180
-130
-82
-41
-13
0
-5
-30
-72
-129
-197
-271
-342
-406
-454
-482
-485
-460
-408
-330
-231
-116
4
125
236
329
397
436
443
420
368
295
209
119
36
-29
-69
-75
-44
24
130
265
421
587
748
893
1008
1083
1108
1081
1001
872
703
505
295
86
-102
-258
-369
-426
-426
-371
-268
-129
30
193
338
447
505
498
419
266
46
-229
-545
-879
-1207
-1505
-1749
-1922
-2008
-2000
-1899
-1712
-1455
-1149
-821
-500
-212
14
161
212
164
21
-205
-491
-810
-1128
-1410
-1622
-1735
-1726
-1584
-1305
-898
-385
203
831
1455
2030
2517
2879
3091
3141
3026
2763
2377
1908
1402
910
486
174
15
32
238
624
1166
1824
2545
3265
3917
4436
4762
4849
4668
4210
3488
2536
1411
184
-1061
-2238
-3261
-4055
-4561
-4746
-4599
-4143
-3427
-2528
-1544
-589
216
758
932
658
-111
-1388
-3144
-5304
-7756
-10353
-12920
-15268
-17203
-18541
-19122
-18820
-17558
-15310
-12109
-8049
-3279
2002
7560
13129
18438
23218
27224
30247
32127
32765
32127
30247
27224
23218
18438
13129
7560
2002
-3279
-8049
-12109
-15310
-17558
-18820
-19122
-18541
-17203
-15268
-12920
-10353
-7756
-5304
-3144
-1388
-111
658
932
758
216
-589
-1544
-2528
-3427
-4143
-4599
-4746
-4561
-4055
-3261
-2238
-1061
184
1411
2536
3488
4210
4668
4849
4762
4436
3917
3265
2545
1824
1166
624
238
32
15
174
486
910
1402
1908
2377
2763
3026
3141
3091
2879
2517
2030
1455
831
203
-385
-898
-1305
-1584
-1726
-1735
-1622
-1410
-1128
-810
-491
-205
21
164
212
161
14
-212
-500
-821
-1149
-1455
-1712
-1899
-2000
-2008
-1922
-1749
-1505
-1207
-879
-545
-229
46
266
419
498
505
447
338
193
30
-129
-268
-371
-426
-426
-369
-258
-102
86
295
505
703
872
1001
1081
1108
1083
1008
893
748
587
421
265
130
24
-44
-75
-69
-29
36
119
209
295
368
420
443
436
397
329
236
125
4
-116
-231
-330
-408
-460
-485
-482
-454
-406
-342
-271
-197
-129
-72
-30
-5
0
-13
-41
-82
-130
-180
-227
-266
-293
-306
-303
-284
-250
-204
-149
-90
-30
26
75
115
142
156
158
149
130
105
77
48
22
1
-12
-18
-15
-4
13
36
62
89
114
135
150
159
160
154
140
121
98
73
46
22
0
-17
-30
-37
-38
-35
-27
-16
-4
7
18
27
32
33
29
22
10
-3
-20
-37
-54
-69
-81
-90
-95
